0
24
69
87
212
228
272
305
429
472
505
527
557
598
639
692
712
759
804
822
852
884
914
948
992
1116
1137
1157
1189
1312
1324
1449
1487
1534
1558
1591
1638
1670
1795
1848
1971
1991
2023
2035
2068
2098
2117
2123
2133
2152
2277
2297
2313
2333
2372
2485
2529
2646
2664
2785
2829
2882
2883
2921
2941
2994
3037
3160
3198
3232
3285
3319
3341
3375
3385
3508
3516
3535
3551
3571
3695
3714
3729
3768
3815
3831
3884
4008
4052
4105
4110
4149
4167
4169
4188
4208
4232
4242
4367
4382
4390
4412
4453
4577
4611
4736
4756
4881
4899
5020
5145
5177
5301
5426
5467
5472
5510
5563
5578
5598
5630
5677
5718
5765
5885
5891
5911
5915
5931
5965
5995
6034
6077
6130
6148
6167
6200
6220
6258
6270
6314
6346
6366
6491
6530
6655
6677
6699
6731
6751
6876
6906
6940
6950
6970
7004
7129
7149
7183
7307
7337
7381
7431
7465
7483
7507
7551
7676
7717
7741
7793
7827
7952
7998
8123
8246
8246
8262
8294
8314
8361
8486
8506
8545
8670
8711
8729
8776
8822
8834
8853
8976
9008
9030
9064
9084
9096
9130
9174
9190
9315
9349
9365
9406
9418
9462
9503
9513
9559
9589
9608
9611
9642
9767
9791
9829
9838
9955
9989
10026
10036
10160
10170
10208
10261
10386
10430
10461
10586
10594
10614
10633
10663
10702
10755
10880
10888
10940
10948
10980
11105
11143
11144
11164
11205
11247
11372
11380
11505
11537
11575
11595
11610
11735
11788
11913
11947
11947
11993
12037
12057
12091
12132
12138
12145
12198
12323
12367
12420
12454
12500
12539
12556
12597
12617
12641
12675
12727
12765
12803
12855
12899
12919
12919
12950
12970
12980
13103
13147
13165
13187
13310
13330
13333
13335
13388
13441
13450
13481
13525
13545
13550
13580
13590
13593
13612
13665
13685
13719
13844
13847
13887
14011
14041
14059
14111
14149
14274
14294
14419
14544
14578
14596
14642
14695
14698
14742
14761
14767
14786
14911
14945
14948
14978
15025
15049
15078
15116
15154
15201
15239
15259
15271
15324
15365
15397
15437
15475
15480
15602
15605
15625
15672
15711
15735
15751
15757
15795
15919
15953
15970
15977
15980
16014
16048
16057
16077
16085
16104
16157
16195
16242
16283
16314
16355
16365
16399
16452
16472
16504
16534
16658
16705
16830
16869
16994
17032
17079
17094
17094
17135
17150
17168
17174
17180
17212
17259
17275
17399
17408
17440
17460
17513
17521
17543
17563
17584
17599
17652
17662
17698
17739
17792
17845
17898
18018
18143
18165
18203
18222
18269
18275
18396
18428
18552
18584
18603
18635
18760
18768
18805
18844
18864
18903
18921
18962
18996
18997
19013
19037
19161
19199
19324
19360
19485
19524
19532
19585
19626
19670
19714
19755
19807
19817
19855
19858
19905
20030
20060
20087
20212
20255
20380
20410
20463
20501
20511
20549
20602
20632
20661
20705
20712
20734
20775
20814
20829
20847
20877
20897
20941
20945
20964
20981
21024
21071
21101
21226
21245
21277
21321
21362
21372
21382
21421
21465
21503
21525
21557
21577
21607
21646
21649
21774
21827
21871
21891
22016
22141
22185
22219
22243
22261
22308
22311
22334
22335
22460
22460
22585
22615
22647
22686
22733
22755
22789
22914
23039
23164
23208
23228
23273
23312
23353
23394
23438
23470
23517
23549
23567
23599
23633
23667
23673
23794
23822
23860
23904
23908
23924
23942
23942
23962
24000
24030
24064
24070
24100
24111
24233
24243
24361
24484
24537
24561
24583
24614
24653
24697
24721
24760
24792
24812
24832
24879
24903
25027
25060
25181
25234
25253
25291
25301
25354
25373
25482
25492
25617
25637
25762
25799
25801
25821
25868
25992
25993
26026
26045
26170
26180
26305
26339
26348
26473
26488
26490
26519
26572
26592
26717
26727
26760
26807
26848
26863
26896
26933
26986
27006
27127
27174
27179
27199
27219
27220
27254
27258
27382
27426
27432
27471
27505
27525
27648
27669
27693
27693
27739
27753
27759
27801
27816
27846
27866
27876
27923
27969
27981
28034
28055
28179
28220
28229
28273
28308
28324
28334
28457
28480
28504
28516
28534
28555
28575
28585
28638
28677
28801
28811
28862
28976
29010
29134
29168
29292
29304
29348
29389
29418
29420
29425
29478
29508
29516
29549
29550
29569
29585
29595
29613
29738
29778
29822
29832
29876
30001
30003
30007
30025
30043
30096
30221
30231
30246
30266
30288
30411
30431
30451
30480
30499
30519
30557
30599
30640
30659
30697
30703
30749
30764
30774
30899
30919
30939
31064
31187
31219
31344
31384
31420
31458
31488
31528
31581
31613
31645
31669
31675
31800
31820
31839
31885
31892
31924
31962
32001
32047
32086
32131
32141
32194
32222
32266
32298
32351
32381
32410
32449
32452
32467
32513
32551
32571
32612
32651
32661
32679
32717
32725
32850
32888
32908
33032
33066
33074
33196
33249
33267
33286
33318
33336
33457
33479
33489
33542
33574
33594
33632
33643
33661
33676
33693
33716
33734
33770
33772
33813
33833
33872
33997
34122
34161
34162
34181
34189
34223
34267
34279
34299
34316
34357
34367
34398
34439
34440
34461
34582
34621
34655
34693
34818
34870
34888
34927
34965
35003
35037
35045
35065
35097
35112
35127
35160
35191
35235
35245
35284
35323
35364
35365
35396
35442
35477
35483
35524
35568
35693
35717
35751
35789
35823
35869
35889
35907
35922
35930
35950
36074
36082
36126
36177
36292
36306
36337
36369
36402
36432
36452
